# Created by Octave 4.0.3, Fri Oct 28 12:40:47 2016 CDT <alejandrotapia@Alejandros-MacBook-Pro.local>
# name: ans
# type: scalar
3


# name: featuresX
# type: matrix
# rows: 47
# columns: 2
 493 3
 1886 3
 1071 5
 1841 1
 710 1
 444 3
 545 3
 1354 5
 748 4
 91 2
 1309 5
 600 4
 1249 5
 1938 2
 1076 3
 1106 3
 1910 5
 1371 4
 869 2
 687 2
 73 3
 108 5
 1170 4
 1461 1
 471 2
 1641 4
 1281 1
 1816 4
 1843 3
 1964 3
 368 4
 1166 5
 27 1
 391 4
 1076 5
 639 3
 939 4
 481 4
 1519 2
 97 1
 307 5
 593 5
 1276 1
 474 1
 1634 2
 1193 3
 728 1


# name: priceY
# type: matrix
# rows: 47
# columns: 1
 42
 18
 21
 38
 23
 34
 2
 7
 33
 28
 31
 25
 21
 18
 41
 50
 32
 41
 19
 41
 3
 33
 23
 47
 25
 15
 46
 1
 34
 41
 38
 20
 8
 15
 50
 35
 34
 45
 19
 44
 30
 1
 25
 8
 18
 31
 26


# name: v
# type: matrix
# rows: 10
# columns: 1
 42
 18
 21
 38
 23
 34
 2
 7
 33
 28


