# Created by Octave 4.0.3, Sun Oct 16 19:43:10 2016 CDT <alejandrotapia@Alejandros-MacBook-Pro.local>
# name: priceY
# type: matrix
# rows: 47
# columns: 1
 42
 18
 21
 38
 23
 34
 2
 7
 33
 28
 31
 25
 21
 18
 41
 50
 32
 41
 19
 41
 3
 33
 23
 47
 25
 15
 46
 1
 34
 41
 38
 20
 8
 15
 50
 35
 34
 45
 19
 44
 30
 1
 25
 8
 18
 31
 26


